14
160
255
102
245
194
139
192
214
67
91
25
79
174
157
106
191
220
108
53
245
195
205
84
26
161
168
173
28
74
17
79
250
78
93
84
72
121
155
97
116
101
185
156
40
74
20
48
201
241
65
86
195
21
200
42
125
72
78
152
73
26
36
28
236
136
131
53
181
142
90
153
88
105
81
172
117
102
53
9
239
204
172
28
21
31
123
166
14
220
173
239
132
50
184
69
62
231
173
45
18
119
195
23
72
8
44
214
11
146
196
170
208
123
74
209
49
77
157
245
20
28
177
241
69
57
92
223
94
45
136
204
82
19
188
104
219
168
233
113
68
151
162
88
47
237
206
204
28
55
